111110101111111110111111
111111001111111110111111
111110001111111110111111
111111001111100010101111
111111001111110011111111
111111110111111111111111
111111100111111111111111
111110100111111111111100
111111110111111111111110
000000000000111111001111
111111111010111111111100
101011111000111111111100
111111111111111111111110
101111111111111111111110
111111111111101010101010
111110101000111111001111
111111111100111111001111
111110101010111111111111
111111111110111111111111
111111111010111111111111
111111111010101011111000
111111111111101011111010
111111111111111111111010
110010001111111111111100
111110101111111111111100
111111111011111111111111
111111111011110011111111
111111111011101011111111
111111111011100011111111
101011111100111111111111
111011111111111111111111
111011111111111111111101
111111111111111011111111
111111111111101011111111
110011111111110011111111
110011111111100011111010
101011111111111110001010
111111111111111111101111
111111111111101010101111
111111111111111111001111
111111111100101010001111
110111111111111111111111
110011001111111111111111
110111111111111111111110
101011111111111111001111
111110101111111110101000
010111110011111111111111
010011110011110011111111
000000000000111111111100
000000000000111111111111
000011001111000000001111
010111110010111111111100
011111111110111111111111
011111111111111111111111
011111111100111111001111
011111111111111111101111
101011110000111100000000
111111111111101010100111
111111111111111011110111
111111111111111111110111
111111111111111111100111
100011001111111111001111
111111111111111110111111
111111111111111110101010
111111101111111110111111
111011111111111111111011
111100000000000000001111
110011001111110011111111
111111001111111111011111
111111111111111111011111
111110101111111111011111
111110001111111111011111
101011111111111111111111
100011111100110011111111
111111111101111111111111
111111111111111111111111
111111111101111011111111
000011110000000000000000
111101111010111111111100
111100000101000011110000
101011111100111111001111
001011111100001111111111
111111111100111111111111
111111101111111111111111
111111101111111111011111
111100000000000000000000
111110101111111101010100
101011110100111111110011
111100001111000010100000
111111111110110111111111
111110101010111111111100
111111011111111111111111
111111011111111111101111
000011110000000011110000
000011111111000000001111
111111111111110111111111
111111110011101000101111
111110001010110011111111
111110100010111100111111
111111111100010101001111
111110101111111111111111
111100001010000011110000
101011110111111111001111
000011111111000000001010
000000000000000000001111
111101010101111111111111
111101000101110011111111
111111111110011111111111
000011111100000000001111
000000111111000000001111
000000000000000011110000
111110111111111111111111
111110111111111111001111
111110111111111110101111
111110111111111110001111
111101010000111100000000
011111001111110011111111
111110101010111111110111
111111111110111111110111
000000001111111100000000
110011111111010011110101
110001111111110011111111
111001111111111111111111
111011111111111101111111
101011111100111101111111
001111111111001011111010
111111110000111100000000
111111111111111111111100
111110111111111111101111
111111111111011110101010
110001001111111111110011
111101011111111111110011
111110100000111100000000
111111111100110111111111
111111111010110111111111
111111111000110111111111
111111111111111101111110
111111111111101001111010
101011111111111111111101
110011111111111111111101
100011111111111111111101
101111111111111111111111
111111111111010101011111
111100111111001111111111
111100101010001111111111
111111011111111111001111
111111011111111110101111
111111011111111110001111
111111110000101000000000
111111111111010111110101
111111111010010111110100
100011111111111111111011
110011111111111111111011
101011111111111111111011
111111111111111111111011
000000000000111100000000
111111111111110011111111
111100001111000011110000
110000001111000011110000
111111111111010101010101
111101111111111111111111
111101111111111111111110
111101111110111111111111
001100101111111111111100
111011111111011111111111
111111111111011111111111
110011001111011111111111
111111101111011111111111
111101010100111111001111
111101010101111111110011
010011001111111100111111
111111111100101111111111
111111111111101111111111
111111111010101111111111
111111111000101111111111
111111111110101111111111
011111111111111011111111
111100001111000001010000
111111110101101011110010
111111111110111101111111
111111111011111011111111
000000001111000000000000
000011111111000000000101
111101011111111110100010
111111101111111101111111
110011111111111111111111
000000000000110011111111
111111001111010001011111
111111111111111110101111
111100111111001010101111
000000000000000000000000
111111111101101011111111
111111111101110011111111
111111111101100011111111
111111110000010100000000
101111111111111111111100
101111111111111111111010
101111111111111111111000
111111111111111101111111
111111111111111001111111
111011111111111111110111
010111111111111100101010
010111111111111100111111
110111111111111111111010
110111111111111111111100
110111111111111111111000
111111111111111111111101
111111001111111111111111
011111101111111111111111
111011110111111111111111
111111110111111111101111
001100111111001111111111
011111111111111111111110
000000000000111100111111
111101111111111111101111
111111110011111100111111
101011111111111101000101
010111110000111100000000
111111111111011111111110
001100111111111111111111
111111111111111101010101
111101111111111011111111
111111110101111111110011
001111111111001111111111
001000111111111111001111
000000000000111111110011
111111111111011111101111
001100001111000011110000
000000000000001111111111
111111110111111011111111
111111101111111111110111
000011110011000000001111
010111110011111100111111
